vv10:[0, 0, 0]
vecNd<VDIM>
VDIM =3
I4 == I4:1
I4 == I4+I4:0
vv12:[2.000000, 2.000000, 2.000000]
vv11:[1.000000, 1.000000, 1.000000]
vv12:[2.000000, 2.000000, 2.000000]
vv13:[0.500000, 1.000000, 2.000000]
vv14:[1.000000, 2.000000, 100.000000]
+vv14:[1.000000, 2.000000, 100.000000]
-vv14:[-1.000000, -2.000000, -100.000000]
vv13[0] :0.500000
vv13[1] :1.000000
vv13[2] :2.000000
Inner-product
 vv13*vv12     :7.000000
 dot(vv13,vv12):7.000000
 vv13.dot(vv12):7.000000
abs
 vv11.abs() :1.732051
 abs(vv11)  :1.732051
(vv11+vv13):[1.500000, 2.000000, 3.000000]
(vv11-vv13):[0.500000, 0.000000, -1.000000]
(20.0*vv11*10.0):[200.000000, 200.000000, 200.000000]
(vv11/10.0):[0.100000, 0.100000, 0.100000]
(vv11+=vv13) :[1.500000, 2.000000, 3.000000]
(vv11-=vv13) :[1.000000, 1.000000, 1.000000]
(vv11*=10.0) :[10.000000, 10.000000, 10.000000]
cross product (three dimension only)
cross(vv13,vv12): [-2.000000, 3.000000, -1.000000]
***********************

VDIM =4
vv21:[1.000000, 1.000000, 1.000000, 1.000000]
vv22:[2.000000, 2.000000, 2.000000, 2.000000]
vv23:[0.500000, 1.000000, 2.000000, -1.000000]
vv23[0] :0.500000
vv23[1] :1.000000
vv23[2] :2.000000
vv23[3] :-1.000000
vv23.at(3) :-1.000000
Inner-product
 vv23*vv22     :5.000000
 dot(vv23,vv22):5.000000
 vv13.dot(vv22):5.000000
abs
 vv21.abs() :2.000000
 abs(vv21)  :2.000000
(vv21+vv23):[1.500000, 2.000000, 3.000000, 0.000000]
(vv21-vv23):[0.500000, 0.000000, -1.000000, 2.000000]
(20.0*vv21*10.0):[200.000000, 200.000000, 200.000000, 200.000000]
(vv21/10.0):[0.100000, 0.100000, 0.100000, 0.100000]
(vv21+=vv23) :[1.500000, 2.000000, 3.000000, 0.000000]
(vv21-=vv23) :[1.000000, 1.000000, 1.000000, 1.000000]
(vv21*=10.0) :[10.000000, 10.000000, 10.000000, 10.000000]
***********************


***************************
matNd<VDIM>
VDIM =3
mat11:[[1.000000, 0.000000, 0.000000], [0.000000, 1.000000, 0.000000], [0.000000, 0.000000, 1.000000]]
mat12:[[1.000000, 1.000000, 1.000000], [1.000000, 1.000000, 1.000000], [1.000000, 1.000000, 1.000000]]
mat13:[[0.000000, 1.000000, 1.200000], [5.400000, 0.000000, 0.900000], [2.400000, 1.300000, 0.000000]]
mat14:[[9.000000, 8.000000, 7.000000], [6.000000, 5.000000, 4.000000], [3.000000, 2.000000, 1.000000]]
+mat14:[[9.000000, 8.000000, 7.000000], [6.000000, 5.000000, 4.000000], [3.000000, 2.000000, 1.000000]]
-mat14:[[-9.000000, -8.000000, -7.000000], [-6.000000, -5.000000, -4.000000], [-3.000000, -2.000000, -1.000000]]
mat11[1][2]:0.000000
mat11[2][2]:1.000000
(mat11+=mat12):[[2.000000, 1.000000, 1.000000], [1.000000, 2.000000, 1.000000], [1.000000, 1.000000, 2.000000]]
(mat11-=mat12):[[1.000000, 0.000000, 0.000000], [0.000000, 1.000000, 0.000000], [0.000000, 0.000000, 1.000000]]
(mat11+mat12):[[2.000000, 1.000000, 1.000000], [1.000000, 2.000000, 1.000000], [1.000000, 1.000000, 2.000000]]
(mat11-mat12):[[0.000000, -1.000000, -1.000000], [-1.000000, 0.000000, -1.000000], [-1.000000, -1.000000, 0.000000]]
mat11*=2.0: [[2.000000, 0.000000, 0.000000], [0.000000, 2.000000, 0.000000], [0.000000, 0.000000, 2.000000]]
mat11/=2.0: [[1.000000, 0.000000, 0.000000], [0.000000, 1.000000, 0.000000], [0.000000, 0.000000, 1.000000]]
mat11*2.0: [[2.000000, 0.000000, 0.000000], [0.000000, 2.000000, 0.000000], [0.000000, 0.000000, 2.000000]]
mat11/2.0: [[0.500000, 0.000000, 0.000000], [0.000000, 0.500000, 0.000000], [0.000000, 0.000000, 0.500000]]
mat13: [[0.000000, 1.000000, 1.200000], [5.400000, 0.000000, 0.900000], [2.400000, 1.300000, 0.000000]]
mat13.T(): [[0.000000, 5.400000, 2.400000], [1.000000, 0.000000, 1.300000], [1.200000, 0.900000, 0.000000]]
mat13*mat13: [[8.280000, 1.560000, 0.900000], [2.160000, 6.570000, 6.480000], [7.020000, 2.400000, 4.050000]]
***************************
product of matrix and vector is also possible
mat13*vv12:[4.400000, 12.600000, 7.400000]
v12*mat13.T()[4.400000, 12.600000, 7.400000]
***************************


VDIM =4
mat21:[[1.000000, 0.000000, 0.000000, 0.000000], [0.000000, 1.000000, 0.000000, 0.000000], [0.000000, 0.000000, 1.000000, 0.000000], [0.000000, 0.000000, 0.000000, 1.000000]]
mat22:[[1.000000, 1.000000, 1.000000, 1.000000], [1.000000, 1.000000, 1.000000, 1.000000], [1.000000, 1.000000, 1.000000, 1.000000], [1.000000, 1.000000, 1.000000, 1.000000]]
mat23:[[2.000000, 0.000000, 0.000000, 1.000000], [0.000000, 5.000000, 1.000000, 0.000000], [-2.000000, 0.000000, 4.000000, 0.000000], [0.000000, 1.000000, 1.000000, 1.000000]]
mat21[1][2]:0.000000
mat21[2][2]:1.000000
(mat21+=mat22):[[2.000000, 1.000000, 1.000000, 1.000000], [1.000000, 2.000000, 1.000000, 1.000000], [1.000000, 1.000000, 2.000000, 1.000000], [1.000000, 1.000000, 1.000000, 2.000000]]
(mat21-=mat22):[[1.000000, 0.000000, 0.000000, 0.000000], [0.000000, 1.000000, 0.000000, 0.000000], [0.000000, 0.000000, 1.000000, 0.000000], [0.000000, 0.000000, 0.000000, 1.000000]]
(mat21+mat22):[[2.000000, 1.000000, 1.000000, 1.000000], [1.000000, 2.000000, 1.000000, 1.000000], [1.000000, 1.000000, 2.000000, 1.000000], [1.000000, 1.000000, 1.000000, 2.000000]]
(mat21-mat22):[[0.000000, -1.000000, -1.000000, -1.000000], [-1.000000, 0.000000, -1.000000, -1.000000], [-1.000000, -1.000000, 0.000000, -1.000000], [-1.000000, -1.000000, -1.000000, 0.000000]]
mat21*=2.0: [[2.000000, 0.000000, 0.000000, 0.000000], [0.000000, 2.000000, 0.000000, 0.000000], [0.000000, 0.000000, 2.000000, 0.000000], [0.000000, 0.000000, 0.000000, 2.000000]]
mat21/=2.0: [[1.000000, 0.000000, 0.000000, 0.000000], [0.000000, 1.000000, 0.000000, 0.000000], [0.000000, 0.000000, 1.000000, 0.000000], [0.000000, 0.000000, 0.000000, 1.000000]]
mat21*2.0: [[2.000000, 0.000000, 0.000000, 0.000000], [0.000000, 2.000000, 0.000000, 0.000000], [0.000000, 0.000000, 2.000000, 0.000000], [0.000000, 0.000000, 0.000000, 2.000000]]
mat21/2.0: [[0.500000, 0.000000, 0.000000, 0.000000], [0.000000, 0.500000, 0.000000, 0.000000], [0.000000, 0.000000, 0.500000, 0.000000], [0.000000, 0.000000, 0.000000, 0.500000]]
mat23: [[2.000000, 0.000000, 0.000000, 1.000000], [0.000000, 5.000000, 1.000000, 0.000000], [-2.000000, 0.000000, 4.000000, 0.000000], [0.000000, 1.000000, 1.000000, 1.000000]]
mat23.T(): [[2.000000, 0.000000, -2.000000, 0.000000], [0.000000, 5.000000, 0.000000, 1.000000], [0.000000, 1.000000, 4.000000, 1.000000], [1.000000, 0.000000, 0.000000, 1.000000]]
mat23*mat23: [[4.000000, 1.000000, 1.000000, 3.000000], [-2.000000, 25.000000, 9.000000, 0.000000], [-12.000000, 0.000000, 16.000000, -2.000000], [-2.000000, 6.000000, 6.000000, 1.000000]]
***************************
product of matrix and vector is also possible
mat23*vv22:[6.000000, 12.000000, 4.000000, 6.000000]
v22*mat23.T():[6.000000, 12.000000, 4.000000, 6.000000]
***************************


***************************
Some rotation matrices are predefined
rot_by_x(45/360.*2*M_PI): [[1.000000, 0.000000, 0.000000], [0.000000, 0.707107, -0.707107], [0.000000, 0.707107, 0.707107]]
rot_by_y(45/360.*2*M_PI): [[0.707107, 0.000000, 0.707107], [0.000000, 1.000000, 0.000000], [-0.707107, 0.000000, 0.707107]]
rot_by_z(45/360.*2*M_PI): [[0.707107, -0.707107, 0.000000], [0.707107, 0.707107, 0.000000], [0.000000, 0.000000, 1.000000]]
rot_by_z(45 deg) *  [1, 0, 0] : [0.707107, 0.707107, 0.000000]
rot_by_z(45 deg) *  [0, 1, 0] : [-0.707107, 0.707107, 0.000000]
rot_by_x(45 deg) *  [0, 1, 0] : [0.000000, 0.707107, 0.707107]
rot_by_x(45 deg) *  [0, 0, 1] : [0.000000, -0.707107, 0.707107]
rot_by_y(45 deg) *  [0, 0, 1] : [0.707107, 0.000000, 0.707107]
rot_by_y(45 deg) *  [1, 0, 0] : [0.707107, 0.000000, -0.707107]
rot_mat(45/360.*2*M_PI): [[0.707107, -0.707107], [0.707107, 0.707107]]
rot_mat(45 deg) * [1, 0]: [0.707107, 0.707107]
rot_mat(45 deg) * [0, 1]: [-0.707107, 0.707107]
***************************


***************************
Very basic matrix operation
triangle(mat13): [[5.400000, 1.000000, 2.100000], [0.000000, -1.000000, -1.200000], [-0.000000, 0.000000, -1.960000]]
(mat13.triangle()): [[5.400000, 1.000000, 2.100000], [0.000000, -1.000000, -1.200000], [-0.000000, 0.000000, -1.960000]]
det(mat13): 10.584000
(mat13.det()): 10.584000
triangle(mat23): [[2.000000, 0.000000, 0.000000, 1.000000], [0.000000, 5.000000, 1.000000, 0.000000], [0.000000, 0.000000, 4.000000, 1.000000], [0.000000, -0.000000, 0.000000, 0.800000]]
(mat23.triangle()): [[2.000000, 0.000000, 0.000000, 1.000000], [0.000000, 5.000000, 1.000000, 0.000000], [0.000000, 0.000000, 4.000000, 1.000000], [0.000000, -0.000000, 0.000000, 0.800000]]
det(mat23): 32.000000
(mat23.det()): 32.000000
(pow(mat23,0): [[1.000000, 0.000000, 0.000000, 0.000000], [0.000000, 1.000000, 0.000000, 0.000000], [0.000000, 0.000000, 1.000000, 0.000000], [0.000000, 0.000000, 0.000000, 1.000000]]
(pow(mat23,1): [[2.000000, 0.000000, 0.000000, 1.000000], [0.000000, 5.000000, 1.000000, 0.000000], [-2.000000, 0.000000, 4.000000, 0.000000], [0.000000, 1.000000, 1.000000, 1.000000]]
(pow(mat23,2): [[4.000000, 1.000000, 1.000000, 3.000000], [-2.000000, 25.000000, 9.000000, 0.000000], [-12.000000, 0.000000, 16.000000, -2.000000], [-2.000000, 6.000000, 6.000000, 1.000000]]
***************************
[[[1.000000, 0.000000, 0.000000], [0.000000, 1.000000, 0.000000], [0.000000, 0.000000, 1.000000]], [[1.000000, 0.000000, 0.000000], [0.000000, 1.000000, 0.000000], [0.000000, 0.000000, 1.000000]], [[1.000000, 0.000000, 0.000000], [0.000000, 1.000000, 0.000000], [0.000000, 0.000000, 1.000000]]]
sum1: [[3.000000, 0.000000, 0.000000], [0.000000, 3.000000, 0.000000], [0.000000, 0.000000, 3.000000]]
vecA          [0.577350, 2.000000, 0.577350]
vecA          [0.577350, 2.000000, 0.577350]
vecA.dot(vecA)4.666667
vecA.abs()    2.160247
vecA.sum()    3.154701
vecA*vecB     -0.845299
(vecB)        [1.000000, -1.000000, 1.000000]
(vecB*=5)     [5.000000, -5.000000, 5.000000]
(vecB/=5)     [1.000000, -1.000000, 1.000000]
(vecB-=vecA)  [0.422650, -3.000000, 0.422650]
(+vecB)       [0.422650, -3.000000, 0.422650]
(-vecB)       [-0.422650, 3.000000, -0.422650]
matA          [[1.000000, 2.000000, 3.000000], [4.000000, 5.000000, 6.000000], [7.000000, 8.000000, 9.000000], [10.000000, 11.000000, 12.000000]]
matB          [[1.000000, 1.000000, 1.000000], [2.000000, 2.000000, 2.000000], [3.000000, 3.000000, 3.000000], [12.000000, 11.000000, 10.000000]]
matC          [[1.000000, 1.000000, 1.000000], [2.000000, 2.000000, 2.000000], [3.000000, 3.000000, 3.000000], [12.000000, 11.000000, 10.000000]]
matC[0][2]    1.000000
matC[0][2]    999.000000
matC          [[1.000000, 1.000000, 999.000000], [2.000000, 2.000000, 2.000000], [3.000000, 3.000000, 3.000000], [12.000000, 11.000000, 10.000000]]
matD          [[1.000000, 1.000000, 1.000000], [2.000000, 2.000000, 102.000000], [3.000000, 3.000000, 3.000000], [12.000000, 11.000000, 10.000000]]
matD+=matC    [[2.000000, 2.000000, 1000.000000], [4.000000, 4.000000, 104.000000], [6.000000, 6.000000, 6.000000], [24.000000, 22.000000, 20.000000]]
+matD         [[2.000000, 2.000000, 1000.000000], [4.000000, 4.000000, 104.000000], [6.000000, 6.000000, 6.000000], [24.000000, 22.000000, 20.000000]]
-matD         [[-2.000000, -2.000000, -1000.000000], [-4.000000, -4.000000, -104.000000], [-6.000000, -6.000000, -6.000000], [-24.000000, -22.000000, -20.000000]]
matD.T()         [[2.000000, 4.000000, 6.000000, 24.000000], [2.000000, 4.000000, 6.000000, 22.000000], [1000.000000, 104.000000, 6.000000, 20.000000]]
matD*matD.T()    [[1000008.000000, 104016.000000, 6024.000000, 20092.000000], [104016.000000, 10848.000000, 672.000000, 2264.000000], [6024.000000, 672.000000, 108.000000, 396.000000], [20092.000000, 2264.000000, 396.000000, 1460.000000]]
matD*matD.T()    [[1000008.000000, 104016.000000, 6024.000000, 20092.000000], [104016.000000, 10848.000000, 672.000000, 2264.000000], [6024.000000, 672.000000, 108.000000, 396.000000], [20092.000000, 2264.000000, 396.000000, 1460.000000]]
matD*vecB        [417.495030, 33.646171, -12.928203, -47.403412]
vecB*matD        [417.495030, 33.646171, -12.928203, -47.403412]
matD/100.0       [[0.020000, 0.020000, 10.000000], [0.040000, 0.040000, 1.040000], [0.060000, 0.060000, 0.060000], [0.240000, 0.220000, 0.200000]]
matD*10.0        [[20.000000, 20.000000, 10000.000000], [40.000000, 40.000000, 1040.000000], [60.000000, 60.000000, 60.000000], [240.000000, 220.000000, 200.000000]]
10.0*matD*10.0  [[200.000000, 200.000000, 100000.000000], [400.000000, 400.000000, 10400.000000], [600.000000, 600.000000, 600.000000], [2400.000000, 2200.000000, 2000.000000]]
matE             [[1.000000, 1.000000], [1.000000, 2.000000]]
matE.trace() 3.000000
matE.triangle() [[1.000000, 1.000000], [0.000000, 1.000000]]
matE.det()      1.000000
**************************
